14.0000 32.0000
0         0   32.0000   14.0000   32.0000
0         0         0         0   32.0000
0   14.0000         0   14.0000   32.0000
1    2.0000    6.0000    2.0000   16.0000
0   12.0000         0   12.0000    2.0000
1    3.0000    6.0000    3.0000   16.0000
1    2.0000    6.0000    3.0000    6.0000
1    2.0000   16.0000    3.0000   16.0000
1    5.0000    6.0000    5.0000   16.0000
1    6.0000    6.0000    6.0000   16.0000
1    5.0000    6.0000    6.0000    6.0000
1    5.0000   16.0000    6.0000   16.0000
1    8.0000    6.0000    8.0000   16.0000
1    9.0000    6.0000    9.0000   16.0000
1    8.0000    6.0000    9.0000    6.0000
1    8.0000   16.0000    9.0000   16.0000
1   11.0000    6.0000   11.0000   16.0000
1   12.0000    6.0000   12.0000   16.0000
1   11.0000    6.0000   12.0000    6.0000
1   11.0000   16.0000   12.0000   16.0000
1    2.0000   20.0000    2.0000   30.0000
1    3.0000   20.0000    3.0000   30.0000
1    2.0000   20.0000    3.0000   20.0000
1    2.0000   30.0000    3.0000   30.0000
1    5.0000   20.0000    5.0000   30.0000
1    6.0000   20.0000    6.0000   30.0000
1    5.0000   20.0000    6.0000   20.0000
1    5.0000   30.0000    6.0000   30.0000
1    8.0000   20.0000    8.0000   30.0000
1    9.0000   20.0000    9.0000   30.0000
1    8.0000   20.0000    9.0000   20.0000
1    8.0000   30.0000    9.0000   30.0000
1   11.0000   20.0000   11.0000   30.0000
1   12.0000   20.0000   12.0000   30.0000
1   11.0000   20.0000   12.0000   20.0000
1   11.0000   30.0000   12.0000   30.0000
2    1.0000         0    1.0000    2.0000
2    1.5000         0    1.5000    2.0000
2    1.0000         0    1.5000         0
2    1.0000    2.0000    1.5000    2.0000
2    2.5000         0    2.5000    2.0000
2    3.0000         0    3.0000    2.0000
2    2.5000         0    3.0000         0
2    2.5000    2.0000    3.0000    2.0000
2    4.0000         0    4.0000    2.0000
2    4.5000         0    4.5000    2.0000
2    4.0000         0    4.5000         0
2    4.0000    2.0000    4.5000    2.0000
2    5.5000         0    5.5000    2.0000
2    6.0000         0    6.0000    2.0000
2    5.5000         0    6.0000         0
2    5.5000    2.0000    6.0000    2.0000
2    7.0000         0    7.0000    2.0000
2    7.5000         0    7.5000    2.0000
2    7.0000         0    7.5000         0
2    7.0000    2.0000    7.5000    2.0000
2    8.5000         0    8.5000    2.0000
2    9.0000         0    9.0000    2.0000
2    8.5000         0    9.0000         0
2    8.5000    2.0000    9.0000    2.0000
2   10.0000         0   10.0000    2.0000
2   10.5000         0   10.5000    2.0000
2   10.0000         0   10.5000         0
2   10.0000    2.0000   10.5000    2.0000